2
30.000000 35.000000 40.000000 45.000000 50.000000 55.000000 60.000000 65.000000 70.000000 75.000000 80.000000 85.000000 90.000000 95.000000 100.000000 105.000000 110.000000 115.000000 120.000000 125.000000 130.000000 135.000000 140.000000 145.000000 150.000000 155.000000 160.000000 165.000000 170.000000 175.000000 180.000000 185.000000 190.000000 195.000000 200.000000 
1.000000 2.000000 3.000000 4.000000 5.000000 7.000000 9.000000 12.000000 15.000000 20.000000 30.000000 

0.256249 0.314407 0.327395 0.334198 0.334242 0.336264 0.335327 0.337634 0.337483 0.338006 0.338144 
0.256335 0.314433 0.327412 0.332100 0.334313 0.336269 0.337133 0.337565 0.337909 0.338031 0.338204 
0.256318 0.314404 0.331494 0.332128 0.334372 0.336323 0.337128 0.337565 0.337880 0.339572 0.338365 
0.255718 0.314364 0.327395 0.332184 0.334302 0.336844 0.337186 0.336065 0.337866 0.336761 0.338144 
0.256336 0.314458 0.327447 0.332100 0.334363 0.340980 0.337409 0.337587 0.337851 0.338006 0.338129 
0.256299 0.313291 0.327395 0.332100 0.339145 0.338447 0.337219 0.342336 0.337524 0.338053 0.338224 
0.258198 0.314498 0.329483 0.331840 0.334302 0.336375 0.338861 0.337565 0.337914 0.338023 0.338196 
0.255975 0.314382 0.327395 0.332111 0.334302 0.337640 0.337030 0.337634 0.341577 0.338040 0.337508 
0.256298 0.314363 0.327394 0.333336 0.336050 0.335768 0.337095 0.337565 0.339968 0.338025 0.340366 
0.256243 0.313923 0.327394 0.332099 0.336508 0.337742 0.341673 0.340123 0.338025 0.338077 0.338269 
0.256248 0.314363 0.330535 0.332246 0.334296 0.336087 0.337191 0.337565 0.337812 0.338677 0.338151 
0.257680 0.314358 0.327395 0.332277 0.334400 0.336312 0.337120 0.337646 0.337808 0.342885 0.339327 
0.256417 0.314363 0.332205 0.332185 0.334407 0.336175 0.336973 0.337508 0.339557 0.337513 0.337756 
0.255992 0.314102 0.327965 0.331503 0.334156 0.336975 0.336817 0.337333 0.336219 0.338008 0.337914 
0.259798 0.313745 0.326777 0.330954 0.333762 0.335904 0.336414 0.336996 0.337287 0.337578 0.337604 
0.255231 0.313376 0.326297 0.332657 0.334563 0.335174 0.335924 0.336461 0.336743 0.337072 0.338273 
0.254564 0.312339 0.325784 0.330513 0.340261 0.334590 0.337130 0.335959 0.336030 0.343378 0.336617 
0.254612 0.314534 0.327188 0.330523 0.332662 0.334664 0.335482 0.335928 0.338749 0.336371 0.336616 
0.254564 0.311772 0.325740 0.330550 0.332669 0.334162 0.336080 0.335921 0.336129 0.336383 0.336509 
0.254608 0.312643 0.325743 0.330441 0.332652 0.334654 0.335390 0.335943 0.336196 0.336449 0.336662 
0.254652 0.312643 0.325809 0.333888 0.333445 0.334643 0.335518 0.336004 0.336227 0.336551 0.336646 
0.254559 0.312643 0.325791 0.331108 0.334458 0.334589 0.335518 0.336076 0.337141 0.336380 0.336521 
0.254597 0.312643 0.324810 0.331594 0.338125 0.337618 0.336554 0.336019 0.336259 0.338985 0.338466 
0.254579 0.314007 0.325968 0.330938 0.335270 0.336411 0.335390 0.335939 0.336177 0.336371 0.336593 
0.254564 0.314342 0.325718 0.332071 0.332684 0.334589 0.334133 0.335928 0.336244 0.336480 0.336510 
0.254564 0.312651 0.324092 0.330555 0.332645 0.334761 0.336006 0.337053 0.336280 0.337059 0.336509 
0.254481 0.312654 0.325819 0.330441 0.332652 0.334638 0.335479 0.337021 0.338744 0.336415 0.338393 
0.254564 0.312643 0.325767 0.332350 0.332745 0.334663 0.335449 0.338538 0.336061 0.336390 0.336509 
0.254643 0.312718 0.326302 0.332009 0.332657 0.334260 0.335458 0.337400 0.336287 0.336442 0.336603 
0.254584 0.312643 0.327116 0.330441 0.332747 0.334658 0.335401 0.335928 0.338388 0.336472 0.336509 
0.254617 0.314894 0.325857 0.332606 0.332652 0.335302 0.335008 0.335928 0.336261 0.336371 0.336720 
0.255318 0.312643 0.325851 0.332784 0.332744 0.334590 0.335463 0.336082 0.341217 0.336450 0.336569 
0.254564 0.312734 0.325781 0.330441 0.332777 0.337019 0.338203 0.336017 0.336264 0.335906 0.336592 
0.258241 0.312729 0.325801 0.332675 0.332652 0.334669 0.335417 0.335928 0.336291 0.336438 0.336542 
0.254615 0.313443 0.325718 0.330441 0.332652 0.336363 0.335390 0.337056 0.336770 0.338406 0.336509 
